An_Example_Of_Truss
12	1	1	1
1	0	0	1	0.0	4.0	0.0
2	0	0	1	3.0	4.0	0.0
3	0	0	1	6.0	4.0	0.0
4	0	0	1	9.0	4.0	0.0
5	0	0	1	12.0	4.0	0.0
6	0	0	1	15.0	4.0	0.0
7	1	1	1	0.0	0.0	0.0
8	0	0	1	3.0	0.0	0.0
9	0	0	1	6.0	0.0	0.0
10	0	0	1	9.0	0.0	0.0
11	0	0	1	12.0	0.0	0.0
12	0	1	1	15.0	0.0	0.0
1	1
9	2	-7000.0
1	22	1
1	1.5E11	0.01
1	1	2	1
2	2	3	1
3	3	4	1
4	4	5	1
5	5	6	1
6	7	8	1
7	8	9	1
8	9	10	1
9	10	11	1
10	11	12	1
11	1	7	1
12	2	8	1
13	3	9	1
14	4	10	1
15	5	11	1
16	6	12	1
17	1	8	1
18	2	9	1
19	3	10	1
20	4	9	1
21	5	10	1
22	6	11	1